
Quiz 8: Mine Detection Ritual

** Lore **:
พิธีแสกนพลังระเบิดในมิติสองมิติ
เวทระดับสูงที่ใช้การมองโลกเป็นรูปแบบตาราง 2D เพื่อระบุจุดที่มีพลังทำลาย (ระเบิด)
ผู้ร่ายจะต้องคำนวณจำนวนพลังรอบๆ พื้นที่นั้น และแสดงผลอย่างแม่นยำ
ถือเป็นบทพิสูจน์ความเข้าใจเรื่องโครงสร้างข้อมูล และตรรกะซ้อนซ้อนของคาถา

** ใช้ make hint8 หากต้องการคำใบ้ **

** Example **:
╔═══════════════════════════════╦═══════════════════════════════╗
║           Input               ║            Output             ║
╠═══════════════════════════════╬═══════════════════════════════╣
║ 0  0  0  0  0  0  0  9  0     ║ 1  1  0  0  0  0  1  9  1     ║ 
║ 9  0  0  0  0  0  0  0  0     ║ 9  1  0  0  0  1  2  2  1     ║ 
║ 0  0  0  0  0  0  9  0  0     ║ 2  2  0  0  0  1  9  1  0     ║ 
║ 9  0  0  0  0  0  0  0  0     ║ 9  3  2  1  2  3  3  3  1     ║ 
║ 9  9  0  9  0  9  9  0  9     ║ 9  9  2  9  2  9  9  3  9     ║ 
║ 9  0  0  0  0  0  9  0  0     ║ 9  4  3  2  2  3  9  3  1     ║ 
║ 0  0  9  0  0  0  0  0  0     ║ 1  2  9  2  1  2  1  1  0     ║ 
║ 0  0  0  0  9  0  0  0  0     ║ 2  3  2  2  9  2  1  2  1     ║ 
║ 9  9  0  0  0  0  9  0  9     ║ 9  9  1  1  1  2  9  2  9     ║                              
╠───────────────────────────────╬───────────────────────────────╣
║ 0  9  0  0  0  9  9  0  0     ║ 1  9  1  0  1  9  9  2  1     ║
║ 0  0  0  0  0  0  0  0  9     ║ 2  2  1  0  2  3  3  2  9     ║
║ 9  0  0  0  0  9  0  0  0     ║ 9  2  1  0  1  9  2  2  1     ║
║ 0  9  0  0  0  0  9  0  0     ║ 2  9  1  0  1  3  9  2  0     ║
║ 0  0  0  0  0  0  9  0  0     ║ 1  1  2  1  1  3  9  3  0     ║
║ 0  0  0  9  0  0  9  0  0     ║ 0  0  1  9  1  2  9  2  0     ║
║ 0  0  0  0  0  0  0  0  0     ║ 1  1  2  1  2  2  3  3  2     ║
║ 0  9  0  0  0  9  0  9  9     ║ 1  9  2  2  2  9  2  9  9     ║
║ 0  0  9  0  9  0  0  0  0     ║ 1  2  9  2  9  2  2  2  2     ║ 
╚═══════════════════════════════╩═══════════════════════════════╝
